0
103
50
21593
7173
7227
7192
65534
65535
65535
65535
2296
2346
2217
65535
4938
1
50014
65533
4936
1
0
1
1000
65535
5493
53471
0
7862
65534
6410
65535
5040
1
590
32768
32768
32768
65535
4
4
0
0
0
0
65535
65535
65535
65535
65535
65535
65535
65535
113
60
17239
61576
17039
30895
17040
36561
17039
55696
65535
65535
65535
65535
65535
65535
17253
45286
17258
44011
17245
51166
18240
60640
16968
3800
18240
54390
49219
20675
17096
0
19883
44679
17053
15805
17440
17375
18244
57485
17004
0
65535
65535
65535
65535
65535
